fecha,disponibilidad,offs,num_gaps,times_gaps,num_overlaps,peaks,time_peaks,p_ppsd
2023-01-01,100.0,104.4,1,2023-1-1-0-0-0-0-3.16_,0,0,[],50.0
2023-01-02,100,104.5,0,[],0,0,[],50.0
2023-01-03,100,104.3,0,[],0,0,[],50.0
2023-01-04,100,104.6,0,[],0,0,[],50.0
2023-01-05,100,104.3,0,[],0,0,[],50.0
2023-01-06,99.8,104.1,1,2023-1-6-6-6-38-310000-193.6399998664856_,0,0,[],50.0
2023-01-07,100,104.0,0,[],0,0,[],50.0
2023-01-08,100,103.1,0,[],0,0,[],50.0
2023-01-09,100,103.0,0,[],0,0,[],50.0
2023-01-10,100.0,102.8,1,2023-1-10-1-57-4-190000-16.480000019073486_,0,0,[],50.0
2023-01-11,100,121.6,0,[],0,0,[],45.0
2023-01-12,100,102.8,0,[],0,0,[],50.0
2023-01-13,100,102.6,0,[],0,0,[],50.0
2023-01-14,100,103.1,0,[],0,2,2023-1-14-19-46-4-560000_2023-1-14-19-56-30-660000_,50.0
2023-01-15,100,103.4,0,[],0,0,[],50.0
2023-01-16,100,103.7,0,[],0,0,[],50.0
2023-01-17,100,103.7,0,[],0,0,[],50.0
2023-01-18,99.8,103.7,2,2023-1-18-10-36-47-920000-152.43999981880188_2023-1-18-12-19-10-840000-61.799999952316284_,0,0,[],50.0
2023-01-19,100,103.6,0,[],0,0,[],50.0
2023-01-20,100.0,104.0,1,2023-1-20-16-28-48-60000-12.360000133514404_,0,0,[],50.0
2023-01-21,100,103.8,0,[],0,0,[],50.0
2023-01-22,100.0,104.2,1,2023-1-22-20-38-54-140000-12.360000133514404_,0,0,[],50.0
2023-01-23,100,104.6,0,[],0,0,[],50.0
2023-01-24,100,104.5,0,[],0,0,[],50.0
2023-01-25,100.0,104.4,2,2023-1-25-14-48-51-940000-20.600000143051147_2023-1-25-14-51-44-980000-8.240000009536743_,0,0,[],50.0
2023-01-26,100,104.5,0,[],0,0,[],50.0
2023-01-27,100.0,104.9,1,2023-1-27-14-50-11-260000-16.480000257492065_,0,0,[],50.0
2023-01-28,100,104.9,0,[],0,0,[],50.0
2023-01-29,99.7,105.1,2,2023-1-29-4-53-13-20000-222.48000025749207_2023-1-29-13-14-20-780000-12.360000133514404_,0,0,[],50.0
2023-01-30,100.0,105.4,1,2023-1-30-16-42-0-180000-12.360000133514404_,0,0,[],50.0
2023-01-31,100,105.1,0,[],0,0,[],50.0
2023-02-01,100,105.7,0,[],0,0,[],50.0
2023-02-02,100,105.9,0,[],0,0,[],50.0
2023-02-03,100,106.0,0,[],0,0,[],50.0
2023-02-04,100,105.9,0,[],0,0,[],50.0
2023-02-05,100,105.5,0,[],0,0,[],50.0
2023-02-06,100,104.9,0,[],0,0,[],50.0
2023-02-07,100,105.2,0,[],0,0,[],50.0
2023-02-08,100.0,105.6,1,2023-2-8-0-7-22-540000-8.240000247955322_,0,0,[],50.0
2023-02-09,100,106.3,0,[],0,0,[],50.0
2023-02-10,100,106.2,0,[],0,0,[],50.0
2023-02-11,100,106.2,0,[],0,0,[],50.0
2023-02-12,100,106.5,0,[],0,0,[],50.0
2023-02-13,0,-9,0,[],0,0,[],-9
2023-02-14,99.9,107.0,3,2023-2-14-0-0-0-0-0.71_2023-2-14-6-19-15-460000-8.240000009536743_2023-2-14-16-3-24-300000-74.16000008583069_,0,0,[],50.0
2023-02-15,100.0,107.0,3,2023-2-15-1-31-33-180000-4.120000123977661_2023-2-15-15-56-32-400000-16.479999780654907_2023-2-15-19-40-56-560000-12.359999895095825_,0,1,2023-2-15-13-5-42-160000_,50.0
2023-02-16,100,106.8,0,[],0,0,[],50.0
2023-02-17,100,106.9,0,[],0,0,[],50.0
2023-02-18,100.0,106.9,1,2023-2-18-16-17-14-80000-12.359999895095825_,0,0,[],50.0
2023-02-19,99.7,106.6,1,2023-2-19-12-6-44-840000-238.96000003814697_,0,0,[],50.0
2023-02-20,100.0,107.1,1,2023-2-20-20-26-59-560000-12.359999895095825_,0,0,[],50.0
2023-02-21,100,107.4,0,[],0,0,[],50.0
2023-02-22,100,107.3,0,[],0,0,[],50.0
2023-02-23,100,107.7,0,[],0,0,[],50.0
2023-02-24,100,107.6,0,[],0,0,[],50.0
2023-02-25,100.0,108.0,1,2023-2-25-22-42-22-680000-16.479999780654907_,0,0,[],50.0
2023-02-26,100.0,108.5,1,2023-2-26-17-21-38-680000-12.359999895095825_,0,0,[],50.0
2023-02-27,100,108.2,0,[],0,0,[],50.0
2023-02-28,100.0,107.9,1,2023-2-28-17-25-26-320000-4.119999885559082_,0,0,[],50.0
2023-03-01,100.0,107.0,1,2023-3-1-19-10-59-280000-8.240000009536743_,0,0,[],50.0
2023-03-02,100.0,106.3,1,2023-3-2-4-57-52-920000-8.239999771118164_,0,0,[],50.0
2023-03-03,100.0,106.3,1,2023-3-3-22-16-24-280000-12.359999895095825_,0,0,[],50.0
2023-03-04,100.0,106.6,1,2023-3-4-13-58-51-280000-8.240000009536743_,0,0,[],50.0
2023-03-05,100,106.3,0,[],0,0,[],50.0
2023-03-06,90.4,106.6,1,2023-3-6-21-42-5-840000-8274.16_,0,0,[],50.0
2023-03-07,0,-9,0,[],0,0,[],-9
2023-03-08,0,-9,0,[],0,0,[],-9
2023-03-09,33.1,106.4,1,2023-3-9-0-0-0-0-57791.09_,0,0,[],50.0
2023-03-10,100,106.3,0,[],0,0,[],50.0
2023-03-11,100,105.6,0,[],0,0,[],50.0
2023-03-12,100,105.1,0,[],0,1,2023-3-12-12-41-1-880000_,50.0
2023-03-13,100.0,105.6,1,2023-3-13-12-49-3-680000-8.239999771118164_,2,0,[],50.0
2023-03-14,100.0,106.4,1,2023-3-14-9-24-30-560000-12.359999895095825_,0,0,[],50.0
2023-03-15,100.0,106.4,1,2023-3-15-13-29-50-920000-4.119999885559082_,0,0,[],50.0
2023-03-16,100,106.6,0,[],0,0,[],50.0
2023-03-17,100,106.9,0,[],0,0,[],50.0
2023-03-18,99.8,107.1,3,2023-3-18-1-36-58-640000-4.119999885559082_2023-3-18-1-48-51-400000-24.71999979019165_2023-3-18-1-49-20-240000-156.55999994277954_,1,0,[],50.0
2023-03-19,100,107.6,0,[],0,0,[],50.0
2023-03-20,100,107.5,0,[],0,0,[],50.0
2023-03-21,100.0,107.2,2,2023-3-21-10-3-37-560000-4.119999885559082_2023-3-21-23-59-30-320000-8.240000009536743_,0,0,[],50.0
2023-03-22,100.0,107.5,1,2023-3-22-6-58-42-920000-4.119999885559082_,0,0,[],50.0
2023-03-23,100.0,107.8,1,2023-3-23-12-23-6-320000-4.119999885559082_,0,0,[],50.0
2023-03-24,100.0,108.2,1,2023-3-24-8-6-26-280000-4.119999885559082_,0,0,[],50.0
2023-03-25,100,108.4,0,[],0,0,[],50.0
2023-03-26,100.0,108.3,1,2023-3-26-14-30-34-600000-12.359999895095825_,0,0,[],50.0
2023-03-27,100.0,107.8,2,2023-3-27-18-1-48-140000-12.360000133514404_2023-3-27-23-21-14-380000-16.480000019073486_,0,0,[],50.0
2023-03-28,100.0,107.8,1,2023-3-28-19-20-1-340000-4.120000123977661_,0,0,[],50.0
2023-03-29,100.0,108.0,1,2023-3-29-17-28-59-820000-4.120000123977661_,0,0,[],50.0
2023-03-30,100.0,107.6,1,2023-3-30-19-28-49-740000-4.120000123977661_,0,1,2023-3-30-19-32-29-170000_,50.0
2023-03-31,100,106.7,0,[],0,0,[],50.0
2023-04-01,100,106.4,0,[],0,0,[],50.0
2023-04-02,100,105.7,0,[],0,0,[],50.0
2023-04-03,100,106.6,0,[],0,0,[],50.0
2023-04-04,100,107.0,0,[],0,0,[],50.0
2023-04-05,100.0,107.7,3,2023-4-5-11-6-3-920000-4.119999885559082_2023-4-5-20-17-52-240000-8.239999771118164_2023-4-5-22-32-35-680000-4.119999885559082_,0,0,[],50.0
2023-04-06,100,107.4,0,[],0,0,[],50.0
2023-04-07,100,107.4,0,[],0,0,[],50.0
2023-04-08,100,105.9,0,[],0,0,[],50.0
2023-04-09,99.9,105.4,1,2023-4-9-17-41-16-600000-82.40000009536743_,0,2,2023-4-9-12-12-58-110000_2023-4-9-12-31-12-560000_,50.0
2023-04-10,100,105.6,0,[],0,0,[],50.0
2023-04-11,100,106.1,0,[],0,0,[],50.0
2023-04-12,100,106.0,0,[],0,0,[],50.0
2023-04-13,100,106.3,0,[],0,0,[],50.0
2023-04-14,100,106.5,0,[],0,0,[],50.0
2023-04-15,100,106.2,0,[],0,0,[],50.0
2023-04-16,100,105.5,0,[],0,0,[],50.0
2023-04-17,100.0,105.9,3,2023-4-17-14-32-25-880000-8.239999771118164_2023-4-17-14-32-58-840000-8.240000009536743_2023-4-17-20-46-48-120000-20.59999990463257_,0,0,[],50.0
2023-04-18,100.0,105.4,1,2023-4-18-7-11-55-940000-4.120000123977661_,0,0,[],50.0
2023-04-19,100.0,105.5,3,2023-4-19-16-20-20-580000-12.360000133514404_2023-4-19-16-46-5-580000-12.360000133514404_2023-4-19-22-17-12-220000-4.120000123977661_,0,0,[],50.0
2023-04-20,100,105.5,0,[],0,0,[],50.0
2023-04-21,100,105.7,0,[],0,0,[],50.0
2023-04-22,100,105.7,0,[],0,0,[],50.0
2023-04-23,100,105.1,0,[],0,1,2023-4-23-17-38-8-40000_,50.0
2023-04-24,100,105.2,0,[],0,0,[],50.0
2023-04-25,100,105.8,0,[],0,0,[],50.0
2023-04-26,100.0,105.9,1,2023-4-26-21-17-19-340000-8.240000247955322_,0,0,[],50.0
2023-04-27,100.0,106.5,2,2023-4-27-20-32-50-100000-12.360000133514404_2023-4-27-21-45-28-400000-12.359999895095825_,0,1,2023-4-27-21-53-35-670000_,50.0
2023-04-28,100,105.7,0,[],0,0,[],50.0
2023-04-29,100.0,105.5,1,2023-4-29-10-27-48-260000-16.480000257492065_,0,0,[],50.0
2023-04-30,100.0,105.4,1,2023-4-30-17-24-45-420000-16.480000019073486_,0,0,[],50.0
2023-05-01,100,105.6,0,[],0,0,[],50.0
2023-05-02,100,105.7,0,[],0,0,[],50.0
2023-05-03,100.0,105.9,1,2023-5-3-17-20-23-300000-4.120000123977661_,0,0,[],50.0
2023-05-04,100,106.3,0,[],0,0,[],50.0
2023-05-05,100.0,106.3,1,2023-5-5-19-34-22-380000-4.120000123977661_,0,0,[],50.0
2023-05-06,100,105.9,0,[],0,0,[],50.0
2023-05-07,100.0,106.0,1,2023-5-7-17-47-45-60000-37.080000162124634_,0,0,[],50.0
2023-05-08,100,106.2,0,[],0,0,[],50.0
2023-05-09,100,105.1,0,[],0,0,[],50.0
2023-05-10,99.8,104.4,2,2023-5-10-2-9-25-320000-168.91999983787537_2023-5-10-16-51-6-120000-16.480000019073486_,0,0,[],50.0
2023-05-11,99.9,104.7,1,2023-5-11-17-40-24-480000-61.799999952316284_,0,0,[],50.0
2023-05-12,100,104.8,0,[],0,0,[],50.0
2023-05-13,100.0,105.0,1,2023-5-13-19-58-34-860000-8.240000247955322_,0,0,[],50.0
2023-05-14,100,104.4,0,[],0,1,2023-5-14-6-5-31-840000_,45.0
2023-05-15,100,104.5,0,[],0,0,[],50.0
2023-05-16,100,104.7,0,[],0,0,[],50.0
2023-05-17,100,104.5,0,[],0,0,[],50.0
2023-05-18,100,104.9,0,[],0,0,[],50.0
2023-05-19,100,105.2,0,[],0,0,[],50.0
2023-05-20,100,105.1,0,[],0,0,[],50.0
2023-05-21,100,104.8,0,[],0,0,[],50.0
2023-05-22,100,105.0,0,[],0,0,[],50.0
2023-05-23,100,105.1,0,[],0,0,[],50.0
2023-05-24,100,105.4,0,[],0,0,[],50.0
2023-05-25,100,105.6,0,[],0,0,[],50.0
2023-05-26,100,105.6,0,[],0,0,[],50.0
2023-05-27,100,104.7,0,[],0,0,[],50.0
2023-05-28,100,105.0,0,[],0,0,[],45.0
2023-05-29,100.0,105.6,1,2023-5-29-1-15-31-460000-8.240000009536743_,0,0,[],50.0
2023-05-30,100.0,105.3,1,2023-5-30-19-36-56-780000-4.120000123977661_,0,0,[],50.0
2023-05-31,100.0,105.6,1,2023-5-31-4-56-22-420000-4.120000123977661_,0,0,[],50.0
2023-06-01,100.0,104.7,1,2023-6-1-9-13-3-60000-16.480000257492065_,0,0,[],50.0
2023-06-02,100,104.5,0,[],0,0,[],50.0
2023-06-03,100.0,105.1,1,2023-6-3-15-32-18-860000-8.240000247955322_,0,0,[],50.0
2023-06-04,100.0,105.6,1,2023-6-4-15-14-40-540000-16.480000257492065_,0,0,[],50.0
2023-06-05,100,104.8,0,[],0,0,[],50.0
2023-06-06,100.0,104.3,1,2023-6-6-18-4-42-180000-16.480000019073486_,0,0,[],50.0
2023-06-07,100,105.4,0,[],0,0,[],50.0
2023-06-08,100,104.4,0,[],0,0,[],50.0
2023-06-09,100,104.6,0,[],0,0,[],50.0
2023-06-10,100,104.8,0,[],0,0,[],50.0
2023-06-11,100.0,104.8,1,2023-6-11-19-27-12-900000-16.480000019073486_,0,0,[],50.0
2023-06-12,100,104.9,0,[],0,0,[],50.0
2023-06-13,100,104.9,0,[],0,0,[],50.0
2023-06-14,100,104.4,0,[],0,0,[],50.0
2023-06-15,100,104.2,0,[],0,0,[],50.0
2023-06-16,100.0,103.7,2,2023-6-16-17-15-20-640000-12.359999895095825_2023-6-16-20-31-6-760000-16.479999780654907_,0,0,[],50.0
2023-06-17,100.0,103.6,1,2023-6-17-0-0-0-0-3.93_,0,0,[],50.0
2023-06-18,100,104.0,0,[],0,0,[],50.0
2023-06-19,100,104.3,0,[],0,0,[],50.0
2023-06-20,100,104.7,0,[],0,0,[],50.0
2023-06-21,100.0,104.9,2,2023-6-21-19-20-5-140000-12.360000133514404_2023-6-21-22-52-40-660000-12.360000133514404_,0,0,[],50.0
2023-06-22,100.0,104.8,2,2023-6-22-18-34-25-860000-8.240000247955322_2023-6-22-20-1-30-20000-4.120000123977661_,0,0,[],50.0
2023-06-23,100,105.0,0,[],0,0,[],50.0
2023-06-24,100.0,104.4,1,2023-6-24-10-5-29-460000-4.120000123977661_,0,0,[],50.0
2023-06-25,100,104.3,0,[],0,0,[],50.0
2023-06-26,100,104.1,0,[],0,0,[],50.0
2023-06-27,100,104.3,0,[],0,0,[],50.0
2023-06-28,100,104.3,0,[],0,0,[],50.0
2023-06-29,100.0,104.3,1,2023-6-29-0-0-0-0-2.65_,0,0,[],50.0
2023-06-30,100.0,104.2,1,2023-6-30-0-0-0-0-3.17_,0,1,2023-6-30-1-53-42-970000_,45.0
2023-07-01,100.0,104.6,1,2023-7-1-0-0-0-0-4.09_,0,0,[],50.0
2023-07-02,100.0,104.8,1,2023-7-2-19-54-32-0-4.119999885559082_,0,0,[],50.0
2023-07-03,100,104.7,0,[],0,0,[],50.0
2023-07-04,100,104.7,0,[],0,0,[],50.0
2023-07-05,100.0,104.5,1,2023-7-5-0-0-0-0-1.69_,0,0,[],50.0
2023-07-06,100.0,104.6,1,2023-7-6-0-0-0-0-2.21_,0,0,[],50.0
2023-07-07,100.0,103.9,1,2023-7-7-0-0-0-0-2.71_,0,0,[],50.0
2023-07-08,99.7,104.0,1,2023-7-8-14-50-56-100000-243.08000016212463_,0,0,[],50.0
2023-07-09,100,104.7,0,[],0,0,[],50.0
2023-07-10,100,104.3,0,[],0,0,[],50.0
2023-07-11,77.7,103.4,2,2023-7-11-0-0-0-0-0.67_2023-7-11-18-38-14-720000-19305.28_,0,0,[],50.0
2023-07-12,0,-9,0,[],0,0,[],-9
2023-07-13,0,-9,0,[],0,0,[],-9
2023-07-14,0,-9,0,[],0,0,[],-9
2023-07-15,0,-9,0,[],0,0,[],-9
2023-07-16,0,-9,0,[],0,0,[],-9
2023-07-17,100.0,104.5,1,2023-7-17-0-0-0-0-3.55_,0,0,[],50.0
2023-07-18,100.0,104.4,1,2023-7-18-19-59-11-360000-12.359999895095825_,0,0,[],50.0
2023-07-19,100.0,104.4,2,2023-7-19-0-0-0-0-0.21_2023-7-19-18-59-39-840000-4.119999885559082_,0,0,[],50.0
2023-07-20,100,104.7,0,[],0,0,[],50.0
2023-07-21,100.0,104.1,1,2023-7-21-15-43-30-40000-8.240000009536743_,0,0,[],50.0
2023-07-22,100.0,104.0,1,2023-7-22-1-6-27-480000-8.239999771118164_,0,0,[],50.0
2023-07-23,100,104.0,0,[],0,0,[],50.0
2023-07-24,100.0,104.2,3,2023-7-24-0-0-0-0-0.37_2023-7-24-15-22-7-840000-12.359999895095825_2023-7-24-20-47-36-640000-16.479999780654907_,0,0,[],50.0
2023-07-26,100.0,104.3,1,2023-7-26-0-0-0-0-1.41_,0,0,[],50.0
2023-07-27,100,103.3,0,[],0,0,[],50.0
2023-07-28,100,103.1,0,[],0,0,[],50.0
2023-07-29,100,103.7,0,[],0,0,[],50.0
2023-07-30,100,103.7,0,[],0,0,[],50.0
2023-07-31,100,103.9,0,[],0,0,[],50.0
2023-08-01,100.0,104.1,1,2023-8-1-0-0-0-0-0.29_,0,0,[],50.0
2023-08-02,100.0,104.0,1,2023-8-2-0-0-0-0-0.81_,0,0,[],50.0
2023-08-03,100.0,104.2,1,2023-8-3-0-0-0-0-1.33_,0,0,[],50.0
2023-08-04,100.0,104.3,3,2023-8-4-0-0-0-0-1.47_2023-8-4-22-47-31-260000-12.360000133514404_2023-8-4-22-49-34-860000-8.240000247955322_,0,0,[],50.0
2023-08-05,100.0,103.9,1,2023-8-5-20-0-23-700000-8.240000009536743_,0,7,2023-8-5-15-46-44-40000_2023-8-5-20-24-56-250000_2023-8-5-20-32-40-450000_2023-8-5-20-36-53-50000_2023-8-5-20-54-56-750000_2023-8-5-20-56-57-950000_2023-8-5-21-1-2-200000_,50.0
2023-08-06,100.0,104.0,1,2023-8-6-3-39-35-620000-16.480000257492065_,0,0,[],50.0
2023-08-07,99.8,103.9,1,2023-8-7-22-51-57-980000-177.1600000858307_,0,0,[],50.0
2023-08-08,100.0,104.0,1,2023-8-8-0-0-0-0-0.91_,0,0,[],50.0
2023-08-09,100.0,104.1,2,2023-8-9-0-0-0-0-1.43_2023-8-9-23-53-9-940000-8.240000009536743_,0,0,[],50.0
2023-08-10,100.0,104.1,1,2023-8-10-0-0-0-0-1.95_,0,0,[],50.0
2023-08-11,100.0,104.0,1,2023-8-11-0-0-0-0-2.27_,1,0,[],50.0
2023-08-12,100,103.8,0,[],0,0,[],50.0
2023-08-13,100,103.7,0,[],0,0,[],50.0
2023-08-14,100.0,103.9,1,2023-8-14-0-0-0-0-1.69_,0,0,[],50.0
2023-08-15,100.0,103.7,1,2023-8-15-0-0-0-0-2.21_,0,0,[],50.0
2023-08-16,99.9,103.6,2,2023-8-16-1-23-53-140000-4.120000123977661_2023-8-16-14-19-3-820000-57.68000030517578_,0,0,[],50.0
2023-08-17,100,104.3,0,[],0,0,[],45.0
2023-08-18,100.0,104.4,1,2023-8-18-19-5-21-200000-4.119999885559082_,0,0,[],50.0
2023-08-19,100,104.3,0,[],0,0,[],50.0
2023-08-20,100.0,104.2,1,2023-8-20-23-40-22-820000-8.240000247955322_,0,0,[],50.0
2023-08-21,100,104.2,0,[],0,0,[],50.0
2023-08-22,100,104.0,0,[],0,0,[],50.0
2023-08-23,100.0,103.9,1,2023-8-23-19-32-43-380000-24.72000002861023_,0,0,[],50.0
2023-08-24,100.0,104.6,1,2023-8-24-8-24-44-540000-8.240000247955322_,0,0,[],50.0
2023-08-25,100,104.7,0,[],0,0,[],50.0
2023-08-26,100,104.8,0,[],0,0,[],50.0
2023-08-27,100,104.3,0,[],0,0,[],50.0
2023-08-28,100,103.5,0,[],0,0,[],50.0
2023-08-29,100.0,104.0,1,2023-8-29-0-16-58-60000-16.480000257492065_,0,0,[],50.0
2023-08-30,100.0,105.0,1,2023-8-30-0-0-0-0-0.95_,0,0,[],50.0
2023-08-31,100,105.1,0,[],0,0,[],50.0
2023-09-01,99.9,105.1,1,2023-9-1-20-22-25-940000-119.48000001907349_,0,0,[],50.0
2023-09-02,100,104.9,0,[],0,0,[],50.0
2023-09-03,100,105.4,0,[],0,0,[],50.0
2023-09-04,100.0,105.4,1,2023-9-4-0-0-0-0-3.07_,0,0,[],50.0
2023-09-05,100.0,104.8,2,2023-9-5-0-0-0-0-2.87_2023-9-5-16-58-18-340000-8.240000247955322_,0,0,[],50.0
2023-09-06,99.7,104.6,3,2023-9-6-8-21-23-500000-127.72000002861023_2023-9-6-8-23-35-340000-82.40000033378601_2023-9-6-8-25-1-860000-82.40000033378601_,0,0,[],50.0
2023-09-07,100.0,105.2,2,2023-9-7-0-0-0-0-3.91_2023-9-7-20-58-14-360000-8.240000009536743_,0,0,[],50.0
2023-09-08,100,105.2,0,[],0,0,[],50.0
2023-09-09,100,104.7,0,[],0,0,[],50.0
2023-09-10,100.0,104.1,1,2023-9-10-21-16-31-180000-8.240000009536743_,0,0,[],50.0
2023-09-11,100.0,104.3,2,2023-9-11-2-28-15-980000-4.120000123977661_2023-9-11-20-56-12-180000-4.120000123977661_,0,0,[],50.0
2023-09-12,100.0,104.8,1,2023-9-12-0-0-0-0-1.43_,0,0,[],50.0
2023-09-13,100.0,104.8,1,2023-9-13-0-0-0-0-1.95_,0,0,[],50.0
2023-09-14,100,104.3,0,[],0,0,[],50.0
2023-09-15,100,104.7,0,[],0,0,[],50.0
2023-09-16,100,104.7,0,[],0,0,[],50.0
2023-09-17,100,104.7,0,[],0,0,[],50.0
2023-09-18,100,104.5,0,[],0,0,[],50.0
2023-09-19,96.9,1015.5,2,2023-9-19-18-25-24-640000-2639.9900000095367_2023-9-19-19-31-4-770000-2.0799999237060547_,0,3,2023-9-19-19-28-34-390000_2023-9-19-19-33-48-910000_2023-9-19-19-43-30-110000_,35.0
2023-09-20,100.0,2384.8,1,2023-9-20-16-58-33-200000-10.759999752044678_,0,2,2023-9-20-9-48-34-810000_2023-9-20-19-1-58-970000_,20.0
2023-09-21,100.0,2409.0,1,2023-9-21-0-0-0-0-0.37_,0,3,2023-9-21-4-4-36-870000_2023-9-21-7-22-1-970000_2023-9-21-23-46-23-220000_,20.0
2023-09-22,97.6,1990.8,8,2023-9-22-0-0-0-0-0.81_2023-9-22-1-35-51-960000-13.300000190734863_2023-9-22-8-27-49-900000-58.28999996185303_2023-9-22-8-29-17-0-2.609999895095825_2023-9-22-13-40-59-580000-16.640000104904175_2023-9-22-14-43-48-140000-2.0799999237060547_2023-9-22-17-14-26-800000-2.240000009536743_2023-9-22-17-19-55-40000-1970.4600002765656_,0,18,2023-9-22-3-18-45-670000_2023-9-22-3-27-33-20000_2023-9-22-4-28-37-170000_2023-9-22-4-34-52-170000_2023-9-22-4-35-43-170000_2023-9-22-5-49-16-920000_2023-9-22-6-18-54-170000_2023-9-22-6-20-13-920000_2023-9-22-8-29-57-320000_2023-9-22-13-19-36-670000_2023-9-22-13-20-57-870000_2023-9-22-13-22-11-620000_2023-9-22-13-24-57-170000_2023-9-22-13-51-53-180000_2023-9-22-17-11-41-230000_2023-9-22-17-59-34-810000_2023-9-22-18-2-6-710000_2023-9-22-18-3-23-360000_,30.0
2023-09-23,100.0,1919.2,1,2023-9-23-1-30-22-80000-5.119999885559082_,1,0,[],20.0
2023-09-24,100,1876.2,0,[],0,0,[],20.0
2023-09-25,100.0,1818.9,3,2023-9-25-0-0-0-0-1.77_2023-9-25-19-41-59-940000-6.619999885559082_2023-9-25-19-43-22-340000-4.120000123977661_,0,2,2023-9-25-11-40-38-20000_2023-9-25-22-3-24-820000_,20.0
2023-09-26,100,1927.0,0,[],0,1,2023-9-26-20-36-4-600000_,20.0
2023-09-27,100.0,2008.4,1,2023-9-27-0-0-0-0-1.13_,0,2,2023-9-27-15-10-24-380000_2023-9-27-15-12-3-730000_,20.0
2023-09-28,100.0,1980.2,1,2023-9-28-19-37-12-980000-4.539999961853027_,0,3,2023-9-28-8-9-14-910000_2023-9-28-16-20-39-60000_2023-9-28-20-0-24-680000_,20.0
2023-09-29,100.0,1887.4,3,2023-9-29-0-0-0-0-1.63_2023-9-29-3-12-18-440000-6.279999732971191_2023-9-29-12-8-8-240000-15.43999981880188_,0,1,2023-9-29-5-57-35-80000_,20.0
2023-09-30,100,1915.3,0,[],0,0,[],20.0
2023-10-01,100,1821.7,0,[],0,0,[],20.0
2023-10-02,100.0,1878.2,2,2023-10-2-0-0-0-0-1.65_2023-10-2-1-54-22-280000-9.839999914169312_,0,4,2023-10-2-1-43-54-300000_2023-10-2-1-44-44-700000_2023-10-2-2-16-30-730000_2023-10-2-2-17-22-630000_,20.0
2023-10-03,100.0,1955.4,2,2023-10-3-1-48-9-160000-8.599999904632568_2023-10-3-6-32-53-380000-3.5199999809265137_,0,1,2023-10-3-15-16-45-910000_,20.0
2023-10-04,100.0,1974.8,2,2023-10-4-0-0-0-0-0.73_2023-10-4-17-30-31-100000-9.539999961853027_,0,1,2023-10-4-5-9-9-480000_,5.0
2023-10-05,100.0,1953.4,1,2023-10-5-17-15-13-180000-9.179999828338623_,0,1,2023-10-5-0-10-17-20000_,10.0
2023-10-06,99.9,1842.0,3,2023-10-6-0-0-0-0-2.21_2023-10-6-15-52-32-740000-79.40000009536743_2023-10-6-20-18-12-620000-4.12000036239624_,0,7,2023-10-6-1-28-34-510000_2023-10-6-20-38-27-800000_2023-10-6-20-44-47-900000_2023-10-6-20-47-52-350000_2023-10-6-20-55-14-650000_2023-10-6-21-8-25-500000_2023-10-6-23-20-33-100000_,5.0
2023-10-07,100.0,1606.3,1,2023-10-7-21-54-40-340000-14.579999923706055_,0,3,2023-10-7-5-5-35-560000_2023-10-7-5-6-27-610000_2023-10-7-5-17-15-310000_,5.0
2023-10-08,100.0,1556.8,1,2023-10-8-16-34-24-640000-18.539999961853027_,0,0,[],10.0
2023-10-09,100.0,1596.5,1,2023-10-9-0-0-0-0-0.85_,0,3,2023-10-9-3-6-54-0_2023-10-9-19-10-18-600000_2023-10-9-19-11-14-250000_,10.0
2023-10-10,100.0,1471.5,1,2023-10-10-0-0-0-0-1.25_,0,2,2023-10-10-10-12-58-950000_2023-10-10-10-16-28-200000_,10.0
2023-10-11,100.0,1408.1,2,2023-10-11-0-0-0-0-1.03_2023-10-11-21-8-33-420000-10.299999713897705_,0,2,2023-10-11-12-27-17-680000_2023-10-11-23-18-30-830000_,10.0
2023-10-12,100.0,1288.9,1,2023-10-12-0-0-0-0-2.01_,0,3,2023-10-12-1-24-39-960000_2023-10-12-4-31-45-960000_2023-10-12-5-21-7-610000_,10.0
2023-10-13,100.0,1278.3,1,2023-10-13-0-0-0-0-2.63_,0,0,[],10.0
2023-10-14,100,1221.6,0,[],0,0,[],10.0
2023-10-15,100,1221.5,0,[],0,1,2023-10-15-8-7-42-710000_,5.0
2023-10-16,100.0,1130.6,1,2023-10-16-0-0-0-0-1.81_,0,2,2023-10-16-2-9-53-560000_2023-10-16-21-39-10-160000_,5.0
2023-10-17,100.0,1140.0,3,2023-10-17-0-0-0-0-0.63_2023-10-17-14-24-41-160000-10.559999704360962_2023-10-17-18-59-38-0-4.500000238418579_,0,0,[],5.0
2023-10-18,100.0,1090.3,1,2023-10-18-0-0-0-0-1.23_,0,3,2023-10-18-3-18-6-30000_2023-10-18-3-18-56-230000_2023-10-18-17-25-16-680000_,5.0
2023-10-19,99.9,1119.4,4,2023-10-19-0-0-0-0-0.73_2023-10-19-2-15-4-260000-16.44000005722046_2023-10-19-4-32-24-700000-50.21999979019165_2023-10-19-19-42-8-240000-5.06000018119812_,0,6,2023-10-19-0-0-4-630000_2023-10-19-7-6-5-430000_2023-10-19-10-31-41-480000_2023-10-19-10-54-57-830000_2023-10-19-10-55-48-130000_2023-10-19-16-1-7-630000_,5.0
2023-10-20,100.0,1125.3,3,2023-10-20-0-0-0-0-1.49_2023-10-20-21-23-12-320000-10.639999866485596_2023-10-20-22-8-24-740000-6.200000047683716_,1,2,2023-10-20-2-40-26-240000_2023-10-20-2-41-32-940000_,5.0
2023-10-21,100.0,1164.4,2,2023-10-21-12-27-58-280000-14.15999984741211_2023-10-21-18-42-11-600000-14.359999895095825_,0,3,2023-10-21-2-7-46-790000_2023-10-21-2-8-37-390000_2023-10-21-12-17-52-190000_,5.0
2023-10-22,100.0,1093.2,2,2023-10-22-1-2-40-580000-16.740000009536743_2023-10-22-4-24-4-540000-9.259999990463257_,0,2,2023-10-22-6-49-19-60000_2023-10-22-8-2-52-310000_,5.0
2023-10-22,100.0,1093.2,3,2023-10-22-0-0-0-0-1.67_2023-10-22-1-2-40-580000-16.740000009536743_2023-10-22-4-24-4-540000-9.259999990463257_,0,2,2023-10-22-6-49-19-60000_2023-10-22-8-2-52-310000_,5.0
2023-10-23,100.0,1097.6,2,2023-10-23-5-2-48-470000-14.680000066757202_2023-10-23-22-31-56-450000-12.380000114440918_,0,6,2023-10-23-3-5-11-650000_2023-10-23-3-6-2-650000_2023-10-23-3-30-23-300000_2023-10-23-4-23-23-950000_2023-10-23-5-3-3-260000_2023-10-23-5-12-22-160000_,5.0
2023-10-24,82.1,1128.0,2,2023-10-24-19-41-46-390000-15493.61_2023-10-24-8-6-46-310000-5.639999866485596_,0,9,2023-10-24-1-25-12-980000_2023-10-24-2-56-6-780000_2023-10-24-3-17-40-780000_2023-10-24-4-45-55-30000_2023-10-24-5-16-27-780000_2023-10-24-6-17-11-880000_2023-10-24-7-53-39-480000_2023-10-24-8-20-12-960000_2023-10-24-19-31-29-110000_,20.0
2023-10-25,100.0,1174.3,1,2023-10-25-0-0-0-0-2.38_,0,0,[],5.0
2023-10-26,99.0,1169.0,5,2023-10-26-0-0-0-0-1.61_2023-10-26-23-46-3-580000-836.42_2023-10-26-4-36-48-340000-17.460000038146973_2023-10-26-5-16-5-600000-2.06000018119812_2023-10-26-15-25-11-620000-13.12000036239624_,0,1,2023-10-26-21-28-6-500000_,5.0
2023-10-27,0,-9,0,[],0,0,[],-9
2023-10-28,0,-9,0,[],0,0,[],-9
2023-10-29,0,-9,0,[],0,0,[],-9
2023-10-30,100.0,1004.9,1,2023-10-30-0-0-0-0-2.15_,0,5,2023-10-30-3-48-15-300000_2023-10-30-3-49-6-950000_2023-10-30-20-21-8-750000_2023-10-30-23-7-30-600000_2023-10-30-23-11-32-750000_,5.0
2023-10-31,100.0,1023.1,1,2023-10-31-20-47-33-360000-25.55999994277954_,0,5,2023-10-31-1-9-23-460000_2023-10-31-1-10-13-960000_2023-10-31-2-10-3-60000_2023-10-31-2-11-28-860000_2023-10-31-12-53-14-160000_,5.0
2023-11-01,100,843.5,0,[],0,3,2023-11-1-2-45-19-410000_2023-11-1-22-1-52-710000_2023-11-1-22-7-46-410000_,5.0
2023-11-02,100.0,866.3,1,2023-11-2-0-0-0-0-0.73_,0,0,[],5.0
2023-11-03,100.0,932.1,1,2023-11-3-12-3-1-60000-16.619999885559082_,0,2,2023-11-3-6-9-6-390000_2023-11-3-17-7-45-440000_,5.0
2023-11-04,100,880.0,0,[],0,2,2023-11-4-3-37-37-120000_2023-11-4-4-51-26-370000_,10.0
2023-11-05,100,878.9,0,[],0,1,2023-11-5-2-47-50-780000_,5.0
2023-11-06,100,873.8,0,[],0,2,2023-11-6-6-38-3-100000_2023-11-6-23-33-49-700000_,5.0
2023-11-07,100.0,813.3,1,2023-11-7-0-0-0-0-0.57_,0,3,2023-11-7-0-39-39-420000_2023-11-7-3-5-31-370000_2023-11-7-6-58-50-420000_,5.0
2023-11-08,100,848.6,0,[],0,1,2023-11-8-5-54-53-270000_,5.0
2023-11-09,100.0,848.9,6,2023-11-9-14-49-43-960000-7.519999742507935_2023-11-9-15-3-52-480000-2.940000057220459_2023-11-9-15-31-0-540000-6.240000247955322_2023-11-9-18-26-0-780000-2.059999942779541_2023-11-9-22-31-24-0-8.500000238418579_2023-11-9-22-49-2-340000-6.680000305175781_,0,1,2023-11-9-22-56-3-230000_,5.0
2023-11-10,100.0,735.0,5,2023-11-10-1-53-30-460000-6.800000190734863_2023-11-10-13-53-31-20000-4.099999904632568_2023-11-10-15-38-36-840000-6.240000009536743_2023-11-10-20-27-9-120000-6.7200000286102295_2023-11-10-20-29-59-960000-4.3999998569488525_,0,5,2023-11-10-4-6-33-370000_2023-11-10-4-55-9-370000_2023-11-10-7-49-12-570000_2023-11-10-7-51-3-220000_2023-11-10-7-53-38-70000_,5.0
2023-11-11,99.9,840.0,4,2023-11-11-2-58-3-980000-13.200000047683716_2023-11-11-10-46-32-680000-15.71999979019165_2023-11-11-16-19-22-620000-34.72000026702881_2023-11-11-18-55-33-400000-4.460000038146973_,0,4,2023-11-11-2-13-53-810000_2023-11-11-4-20-1-590000_2023-11-11-6-36-25-590000_2023-11-11-20-59-35-170000_,5.0
2023-11-12,100.0,773.3,5,2023-11-12-0-13-47-320000-4.740000247955322_2023-11-12-4-57-59-640000-4.679999828338623_2023-11-12-11-18-1-240000-6.180000066757202_2023-11-12-16-45-42-100000-4.5_2023-11-12-23-36-43-600000-7.5400002002716064_,0,1,2023-11-12-2-26-50-170000_,5.0
2023-11-13,100,801.6,0,[],0,2,2023-11-13-1-52-40-130000_2023-11-13-20-48-14-130000_,10.0
2023-11-14,100.0,881.2,1,2023-11-14-12-15-52-240000-4.340000152587891_,0,1,2023-11-14-9-53-24-550000_,5.0
2023-11-15,100,866.1,0,[],0,2,2023-11-15-22-54-43-170000_2023-11-15-22-59-16-720000_,5.0
2023-11-16,100,839.2,0,[],0,1,2023-11-16-7-37-3-410000_,5.0
2023-11-17,100.0,845.6,2,2023-11-17-0-0-0-0-0.37_2023-11-17-22-44-25-760000-7.039999961853027_,0,2,2023-11-17-5-18-26-420000_2023-11-17-20-24-26-970000_,5.0
2023-11-18,99.8,856.4,2,2023-11-18-11-17-53-900000-131.69999980926514_2023-11-18-11-20-8-140000-50.739999771118164_,0,2,2023-11-18-4-45-18-290000_2023-11-18-20-11-39-60000_,0.0
2023-11-19,100,872.1,0,[],0,0,[],0.0
2023-11-20,100.0,863.6,1,2023-11-20-0-0-0-0-0.21_,0,0,[],5.0
2023-11-21,100.0,846.3,1,2023-11-21-0-0-0-0-0.39_,0,2,2023-11-21-14-17-14-140000_2023-11-21-14-18-32-540000_,5.0
2023-11-22,100,846.2,0,[],0,6,2023-11-22-1-11-35-390000_2023-11-22-1-13-58-390000_2023-11-22-5-45-2-140000_2023-11-22-9-32-12-590000_2023-11-22-17-39-4-390000_2023-11-22-17-42-10-940000_,5.0
2023-11-23,100.0,865.8,2,2023-11-23-0-0-0-0-0.43_2023-11-23-22-50-32-940000-10.699999809265137_,0,4,2023-11-23-4-41-3-980000_2023-11-23-8-2-21-430000_2023-11-23-14-25-52-230000_2023-11-23-14-26-45-30000_,5.0
2023-11-24,100.0,848.7,1,2023-11-24-0-0-0-0-3.27_,0,1,2023-11-24-9-28-27-720000_,5.0
2023-11-25,100.0,704.5,2,2023-11-25-0-0-0-0-1.27_2023-11-25-23-38-46-160000-12.819999933242798_,0,1,2023-11-25-2-59-3-270000_,5.0
2023-11-26,100.0,715.9,1,2023-11-26-20-30-50-660000-8.799999952316284_,0,1,2023-11-26-3-39-8-820000_,5.0
2023-11-27,100.0,728.8,1,2023-11-27-21-45-25-800000-2.3400001525878906_,0,1,2023-11-27-7-13-51-430000_,5.0
2023-11-28,100.0,748.1,4,2023-11-28-0-0-0-0-0.51_2023-11-28-3-55-59-20000-4.120000123977661_2023-11-28-10-23-38-520000-10.300000190734863_2023-11-28-18-48-58-0-6.180000066757202_,0,2,2023-11-28-9-13-38-850000_2023-11-28-23-48-55-640000_,5.0
2023-11-29,72.0,677.4,1,2023-11-29-17-17-3-180000-24176.82_,0,1,2023-11-29-6-47-10-230000_,5.0
2023-11-30,100.0,727.5,1,2023-11-30-0-0-0-0-1.65_,0,1,2023-11-30-11-47-47-550000_,5.0
2023-12-01,100.0,702.2,1,2023-12-1-7-52-51-780000-14.419999837875366_,0,3,2023-12-1-5-32-31-640000_2023-12-1-15-50-38-260000_2023-12-1-15-53-59-360000_,5.0
2023-12-02,100.0,687.5,4,2023-12-2-5-58-4-520000-8.240000009536743_2023-12-2-9-34-0-180000-6.179999828338623_2023-12-2-14-3-10-820000-2.0999999046325684_2023-12-2-20-52-37-520000-8.240000009536743_,0,5,2023-12-2-5-15-56-340000_2023-12-2-16-3-16-980000_2023-12-2-18-4-19-680000_2023-12-2-18-5-48-930000_2023-12-2-20-23-30-980000_,5.0
2023-12-03,100,681.5,0,[],0,4,2023-12-3-21-45-54-400000_2023-12-3-21-46-48-250000_2023-12-3-22-4-41-0_2023-12-3-22-16-19-450000_,5.0
2023-12-04,100,702.2,0,[],0,5,2023-12-4-8-13-27-120000_2023-12-4-11-58-15-520000_2023-12-4-11-59-34-920000_2023-12-4-12-0-0-720000_2023-12-4-13-12-30-570000_,5.0
2023-12-05,100.0,694.9,1,2023-12-5-17-41-45-680000-14.420000076293945_,0,4,2023-12-5-0-39-53-660000_2023-12-5-6-43-6-260000_2023-12-5-15-21-20-860000_2023-12-5-23-3-15-810000_,10.0
2023-12-06,100,711.4,0,[],0,4,2023-12-6-0-20-34-750000_2023-12-6-6-59-28-300000_2023-12-6-13-22-15-800000_2023-12-6-16-14-31-50000_,5.0
2023-12-07,100,712.7,0,[],0,1,2023-12-7-16-57-54-930000_,5.0
2023-12-08,100,715.7,0,[],0,5,2023-12-8-3-50-17-500000_2023-12-8-10-33-10-800000_2023-12-8-10-34-32-950000_2023-12-8-10-35-23-150000_2023-12-8-14-1-45-750000_,10.0
2023-12-09,100,625.9,0,[],0,0,[],10.0
2023-12-10,100.0,557.7,1,2023-12-10-17-19-31-980000-16.49999976158142_,0,8,2023-12-10-9-0-54-870000_2023-12-10-12-2-51-220000_2023-12-10-12-3-52-670000_2023-12-10-18-11-10-140000_2023-12-10-18-12-2-390000_2023-12-10-18-13-1-40000_2023-12-10-18-15-26-590000_2023-12-10-23-31-21-690000_,10.0
2023-12-11,100,614.1,0,[],0,2,2023-12-11-0-13-13-400000_2023-12-11-5-55-6-850000_,10.0
2023-12-12,100.0,669.5,2,2023-12-12-18-1-8-400000-35.03999972343445_2023-12-12-22-32-13-600000-4.660000324249268_,0,0,[],15.0
2023-12-13,100.0,671.6,1,2023-12-13-16-45-17-900000-8.240000009536743_,0,0,[],10.0
2023-12-14,100.0,657.0,1,2023-12-14-0-0-0-0-1.81_,0,0,[],10.0
2023-12-15,100,624.4,0,[],0,7,2023-12-15-5-2-56-900000_2023-12-15-5-3-53-300000_2023-12-15-5-6-59-100000_2023-12-15-6-2-31-450000_2023-12-15-6-3-24-200000_2023-12-15-23-52-1-500000_2023-12-15-23-53-2-600000_,10.0
2023-12-16,100.0,536.4,1,2023-12-16-0-0-0-0-1.05_,0,5,2023-12-16-0-23-12-650000_2023-12-16-10-20-52-900000_2023-12-16-10-21-47-850000_2023-12-16-10-22-44-50000_2023-12-16-23-22-13-300000_,10.0
2023-12-17,100,590.0,0,[],0,0,[],15.0
2023-12-17,100.0,590.0,1,2023-12-17-0-0-0-0-1.13_,0,0,[],15.0
2023-12-18,100.0,603.7,1,2023-12-18-1-28-17-620000-12.360000133514404_,0,1,2023-12-18-4-44-42-390000_,15.0
2023-12-19,100.0,621.3,1,2023-12-19-0-0-0-0-0.13_,0,3,2023-12-19-8-55-35-930000_2023-12-19-8-56-27-380000_2023-12-19-9-4-30-180000_,15.0
2023-12-20,100.0,656.5,1,2023-12-20-18-36-47-80000-12.380000114440918_,0,1,2023-12-20-12-23-15-830000_,10.0
2023-12-21,100.0,628.7,1,2023-12-21-0-0-0-0-1.37_,0,0,[],10.0
2023-12-22,100.0,630.3,2,2023-12-22-1-55-10-700000-14.419999837875366_2023-12-22-12-10-4-400000-16.479999780654907_,0,1,2023-12-22-13-47-20-940000_,10.0
2023-12-23,100.0,615.2,1,2023-12-23-3-40-7-420000-16.480000019073486_,0,4,2023-12-23-10-24-52-10000_2023-12-23-12-32-28-110000_2023-12-23-19-5-35-260000_2023-12-23-19-7-29-960000_,5.0
2023-12-24,100,610.4,0,[],0,3,2023-12-24-1-37-20-500000_2023-12-24-1-40-19-150000_2023-12-24-7-41-0-900000_,5.0
2023-12-25,100.0,612.3,1,2023-12-25-17-7-0-900000-2.059999704360962_,0,1,2023-12-25-7-5-25-790000_,5.0
2023-12-26,100,642.3,0,[],0,1,2023-12-26-12-56-8-250000_,5.0
2023-12-27,100,586.2,0,[],0,1,2023-12-27-15-14-43-140000_,5.0
2023-12-28,100,587.7,0,[],0,0,[],5.0
2023-12-29,100.0,662.9,1,2023-12-29-0-57-56-130000-28.84000015258789_,0,0,[],5.0
2023-12-30,100,612.3,0,[],0,0,[],5.0
2023-12-31,100,621.1,0,[],0,1,2023-12-31-19-35-1-680000_,5.0
2024-01-01,100.0,628.7,1,2024-1-1-0-0-0-0-0.37_,0,1,2024-1-1-8-10-4-170000_,5.0
2024-01-02,100.0,621.0,1,2024-1-2-0-0-0-0-1.05_,0,0,[],5.0
2024-01-03,100.0,606.1,1,2024-1-3-0-0-0-0-0.15_,0,3,2024-1-3-4-42-35-650000_2024-1-3-9-51-59-150000_2024-1-3-12-18-14-150000_,5.0
2024-01-04,100,619.1,0,[],0,1,2024-1-4-8-0-24-670000_,5.0
2024-01-05,100,593.6,0,[],0,2,2024-1-5-5-13-22-10000_2024-1-5-5-50-34-910000_,5.0
2024-01-06,100.0,617.1,1,2024-1-6-0-0-0-0-0.95_,0,2,2024-1-6-13-13-56-750000_2024-1-6-13-16-0-950000_,5.0
2024-01-07,100,654.7,0,[],0,3,2024-1-7-13-24-12-410000_2024-1-7-13-25-2-760000_2024-1-7-13-25-54-560000_,5.0
2024-01-08,100,652.9,0,[],0,3,2024-1-8-13-56-42-800000_2024-1-8-13-57-40-0_2024-1-8-18-52-30-750000_,5.0
2024-01-09,100.0,632.9,1,2024-1-9-0-0-0-0-0.29_,0,4,2024-1-9-14-11-44-90000_2024-1-9-14-12-43-340000_2024-1-9-22-59-22-240000_2024-1-9-23-1-55-40000_,5.0
2024-01-10,99.8,664.8,1,2024-1-10-10-8-10-840000-179.2200002670288_,0,2,2024-1-10-12-43-48-920000_2024-1-10-17-20-57-20000_,5.0
2024-01-11,100.0,674.5,1,2024-1-11-2-23-7-540000-2.059999942779541_,0,0,[],10.0
2024-01-12,100,682.0,0,[],0,2,2024-1-12-22-57-21-100000_2024-1-12-22-58-12-800000_,10.0
2024-01-13,100,671.1,0,[],0,8,2024-1-13-0-41-36-410000_2024-1-13-5-5-40-310000_2024-1-13-5-6-31-660000_2024-1-13-6-15-48-960000_2024-1-13-6-16-39-160000_2024-1-13-6-17-46-660000_2024-1-13-13-32-3-260000_2024-1-13-13-38-53-410000_,10.0
2024-01-14,100.0,700.9,1,2024-1-14-23-44-6-0-16.479999780654907_,0,0,[],10.0
2024-01-15,100.0,673.3,3,2024-1-15-0-0-0-0-1.95_2024-1-15-0-29-23-380000-2.059999704360962_2024-1-15-16-2-32-840000-2.06000018119812_,0,2,2024-1-15-15-29-4-50000_2024-1-15-15-32-56-400000_,15.0
2024-01-16,100,679.5,0,[],0,0,[],15.0
2024-01-17,100,677.5,0,[],0,3,2024-1-17-0-12-1-330000_2024-1-17-10-43-19-880000_2024-1-17-15-39-5-930000_,10.0
2024-01-18,100,712.6,0,[],0,0,[],15.0
2024-01-19,100,691.6,0,[],0,4,2024-1-19-11-28-31-660000_2024-1-19-11-29-33-260000_2024-1-19-11-30-31-610000_2024-1-19-17-42-21-710000_,15.0
2024-01-20,100.0,651.1,2,2024-1-20-0-0-0-0-1.63_2024-1-20-18-18-57-380000-6.179999828338623_,0,1,2024-1-20-21-35-49-320000_,15.0
2024-01-21,100,670.9,0,[],0,1,2024-1-21-17-21-20-360000_,15.0
2024-01-22,100.0,694.2,1,2024-1-22-0-0-0-0-1.55_,0,0,[],-9
2024-01-23,100.0,660.1,3,2024-1-23-0-0-0-0-0.59_2024-1-23-4-44-13-880000-18.539999961853027_2024-1-23-5-20-18-940000-4.120000123977661_,0,2,2024-1-23-2-39-21-640000_2024-1-23-2-40-11-840000_,15.0
2024-01-24,100,671.4,0,[],0,0,[],10.0
2024-01-25,99.9,663.2,5,2024-1-25-0-1-0-600000-12.380000114440918_2024-1-25-5-28-4-740000-24.72000002861023_2024-1-25-19-17-57-760000-8.240000009536743_2024-1-25-19-20-59-120000-4.119999885559082_2024-1-25-19-27-24-500000-4.120000123977661_,0,1,2024-1-25-22-10-16-680000_,10.0
2024-01-26,100.0,661.4,3,2024-1-26-0-0-0-0-1.41_2024-1-26-14-56-6-420000-8.240000009536743_2024-1-26-18-31-56-940000-16.480000019073486_,0,0,[],10.0
2024-01-27,100.0,684.9,3,2024-1-27-0-28-12-20000-4.120000123977661_2024-1-27-13-35-49-300000-14.419999837875366_2024-1-27-15-3-28-720000-2.06000018119812_,0,1,2024-1-27-17-30-41-690000_,5.0
2024-01-28,100,699.3,0,[],0,1,2024-1-28-13-34-8-620000_,10.0
2024-01-29,100.0,683.3,8,2024-1-29-0-0-0-0-0.84_2024-1-29-19-42-53-850000-8.34000015258789_2024-1-29-19-48-36-810000-6.180000066757202_2024-1-29-19-57-24-910000-6.179999828338623_2024-1-29-19-58-57-750000-6.179999828338623_2024-1-29-20-2-37-70000-4.139999866485596_2024-1-29-20-3-3-950000-6.200000047683716_2024-1-29-22-20-20-770000-2.059999942779541_,0,2,2024-1-29-18-37-7-140000_2024-1-29-22-26-28-40000_,15.0
2024-01-30,100,675.5,0,[],0,5,2024-1-30-2-24-2-650000_2024-1-30-2-52-13-450000_2024-1-30-13-18-51-200000_2024-1-30-18-41-28-950000_2024-1-30-18-42-25-650000_,15.0
2024-01-31,100.0,657.0,1,2024-1-31-0-0-0-0-1.78_,0,1,2024-1-31-23-45-27-130000_,10.0
2024-02-01,99.9,672.6,3,2024-2-1-0-0-0-0-0.48_2024-2-1-4-58-42-650000-61.80000019073486_2024-2-1-15-36-30-610000-12.360000133514404_,0,3,2024-2-1-0-0-32-480000_2024-2-1-0-1-24-180000_2024-2-1-2-58-56-830000_,10.0
2024-02-02,99.9,608.0,5,2024-2-2-0-0-0-0-2.02_2024-2-2-15-49-58-50000-10.299999952316284_2024-2-2-15-58-55-710000-6.180000066757202_2024-2-2-17-26-32-950000-16.480000019073486_2024-2-2-19-42-59-870000-12.359999895095825_,0,0,[],10.0
2024-02-03,100.0,473.1,1,2024-2-3-11-5-48-450000-6.180000305175781_,0,1,2024-2-3-12-49-17-640000_,0.0
2024-02-04,100.0,447.4,1,2024-2-4-21-55-40-290000-12.360000133514404_,0,0,[],0.0
2024-02-05,100.0,446.2,1,2024-2-5-6-26-31-310000-4.119999885559082_,0,1,2024-2-5-23-59-46-40000_,0.0
2024-02-06,100.0,406.6,1,2024-2-6-21-7-9-50000-14.700000047683716_,0,2,2024-2-6-0-0-0-290000_2024-2-6-0-0-50-390000_,0.0
2024-02-07,100,507.0,0,[],0,0,[],0.0
2024-02-08,100.0,529.2,2,2024-2-8-0-0-0-0-1.34_2024-2-8-17-44-13-630000-2.059999942779541_,0,1,2024-2-8-12-3-5-440000_,0.0
2024-02-09,100.0,480.0,3,2024-2-9-2-46-50-530000-6.180000066757202_2024-2-9-6-22-45-870000-2.059999942779541_2024-2-9-12-19-58-50000-2.180000066757202_,0,0,[],0.0
2024-02-10,100,511.4,0,[],0,7,2024-2-10-1-25-57-270000_2024-2-10-2-10-29-720000_2024-2-10-2-11-43-520000_2024-2-10-4-25-24-620000_2024-2-10-4-26-52-520000_2024-2-10-4-27-46-820000_2024-2-10-4-28-44-970000_,10.0
2024-02-11,100.0,526.6,1,2024-2-11-11-0-45-130000-8.240000247955322_,0,0,[],10.0
2024-02-12,100.0,526.6,1,2024-2-12-0-0-0-0-0.74_,0,0,[],5.0
2024-02-13,100.0,533.3,2,2024-2-13-0-0-0-0-1.76_2024-2-13-13-58-57-230000-12.359999895095825_,0,0,[],5.0
2024-02-14,100.0,572.1,1,2024-2-14-0-0-0-0-1.64_,0,0,[],5.0
2024-02-15,100.0,542.0,1,2024-2-15-0-0-0-0-0.26_,0,0,[],5.0
2024-02-16,100.0,401.9,1,2024-2-16-0-0-0-0-0.46_,0,0,[],5.0
2024-02-17,100.0,480.1,1,2024-2-17-19-54-29-790000-6.179999828338623_,0,0,[],5.0
2024-02-18,100.0,482.1,1,2024-2-18-0-32-47-430000-18.539999961853027_,0,1,2024-2-18-16-42-39-730000_,5.0
2024-02-19,100.0,527.3,1,2024-2-19-0-0-0-0-1.78_,0,0,[],5.0
2024-02-20,100.0,461.4,1,2024-2-20-1-17-32-590000-28.83999991416931_,0,2,2024-2-20-12-6-16-190000_2024-2-20-12-7-10-990000_,10.0
2024-02-21,100,522.2,0,[],0,1,2024-2-21-20-19-2-800000_,5.0
2024-02-22,100.0,559.7,1,2024-2-22-22-15-30-890000-22.66000008583069_,0,5,2024-2-22-13-25-7-890000_2024-2-22-13-28-29-840000_2024-2-22-13-33-38-40000_2024-2-22-22-56-12-410000_2024-2-22-22-57-27-710000_,10.0
2024-02-23,100.0,583.9,1,2024-2-23-14-1-36-230000-2.059999942779541_,0,0,[],10.0
2024-02-24,100.0,563.7,2,2024-2-24-14-25-19-90000-16.480000019073486_2024-2-24-19-43-15-790000-16.479999780654907_,0,6,2024-2-24-7-22-36-540000_2024-2-24-7-23-59-740000_2024-2-24-7-24-52-90000_2024-2-24-8-10-6-140000_2024-2-24-20-18-12-480000_2024-2-24-20-24-37-880000_,10.0
2024-02-25,100.0,599.5,1,2024-2-25-13-15-53-910000-8.240000009536743_,0,2,2024-2-25-17-47-54-410000_2024-2-25-17-49-29-760000_,10.0
2024-02-26,100.0,604.2,1,2024-2-26-11-31-55-410000-14.420000076293945_,0,2,2024-2-26-20-13-22-90000_2024-2-26-20-26-40-40000_,15.0
2024-02-27,100,591.9,0,[],0,4,2024-2-27-11-44-53-560000_2024-2-27-20-37-0-260000_2024-2-27-20-38-1-810000_2024-2-27-20-43-5-210000_,15.0
2024-02-28,100,611.6,0,[],0,1,2024-2-28-17-51-24-10000_,10.0
